(1 4 6 10 1 1 1 1) (4 4 6 8) (4 4 5 9 10) (3 4 5 13 10) (2 4 5 7 10) (1 4 11 7 6 9) (4 4 4 7 7 2 4 7) (3 5 4 6 13 3 2 6) (3 5 4 5 7 4 3 2 4) (3 4 4 5 5 5 1 4 3 1 7) (2 4 3 4 3 10 1 2 2 3 2 2 2 2) (2 5 3 4 3 13 1 2 2 1 2 2 2 2 2) (1 5 2 3 3 6 6 1 4 1 2 2 2) (1 4 3 3 4 5 10 4 3 2 1 1 1 1 2 1) (1 4 3 3 3 4 14 2 3 3 2 4 2) (5 3 2 3 4 9 3 4 2 1 2 2 2 2) (4 3 2 2 4 7 2 3 3 9 1 2) (4 2 2 2 4 6 1 5 3 1 4 2 5) (3 3 1 3 3 6 2 3 10 1 7) (3 3 1 3 3 4 4 5 2 4 3 2 2) (3 3 2 2 2 3 13 1 1 1 2 2 2) (3 3 1 3 2 4 1 1 2 2 1 1 3 1 2 2) (3 5 2 2 3 6 2 3 1 3 2 2 2) (2 3 1 2 2 3 2 2 3 3 1 2 1 2 1) (2 3 1 3 1 3 4 3 3 3 2) (2 2 2 2 1 3 2 3 2 2 4 2) (1 3 1 2 1 2 4 2 1 2 4 2) (1 3 1 3 3 8 3 3 2 2) (1 2 2 2 3 8 2 3 8) (1 2 1 3 3 9 1 2 9) (1 2 1 2 3 9 3 4 2 1) (1 2 1 2 3 9 3 4 2) (1 2 3 3 11 3 2) (1 2 2 3 11 2 2 1) (1 2 3 4 9 3 2 1) (2 3 3 2 8 3 2 2) (3 3 3 1 1 5 8 2 2) (2 2 3 1 10 2 8 2) (3 3 3 3 1 14 1 8 2) (3 7 9 4 14 1 7 2) (3 2 4 15 17 1 7 2 2) (3 2 3 36 1 7 10) (3 2 3 16 1 20 6 9 1) (3 2 1 17 23 6 4 2 1) (1 6 19 1 20 6 3 2 1) (1 5 18 10 7 4 7 3 2 1) (1 4 18 1 9 5 5 8 3 2 1) (6 32 5 6 7 4 2 1) (5 19 1 23 8 2 2 2) (4 35 7 8 2 2) (4 21 1 9 3 8 8 2) (3 22 9 1 5 3 6 1 2) (2 33 2 5 6 2 2) (1 25 9 1 2 1 3 6 1 8) (1 27 8 4 4 6 1 9) (37 3 3 6 1 6 1) (38 1 4 6 2 2 2 1) (39 1 4 7 1 2 2 1) (39 3 6 2 1 2 1) (40 4 7 2 2) (44 7 2 2) (43 7 2 2) (43 3 7 1 5) (27 14 3 9 8 7) (27 14 17 8 5) (20 4 13 18 7 5) (1 20 3 13 20 6 4) (2 21 3 10 2 20 4 5) (2 20 3 2 4 1 21 2 4 2) (3 6 9 3 1 1 4 26 5 2) (4 4 5 8 3 3 3 25 6 2) (5 2 5 5 3 3 3 24 6 2) (6 1 1 1 1 1 2 3 4 2 24 8 3) (12 1 1 1 4 4 2 21 8 3) (13 5 4 2 2 20 8 4) (26 5 1 2 19 9 5) (26 5 4 17 8 6) (7 15 6 3 15 8 8) (3 4 8 2 1 1 2 12 7 9) (2 5 7 2 1 1 1 1 1 10 7 11) (1 2 6 5 1 1 3 1 1 7 7 12) (2 16 20 7 14) (23 18 8 16) (26 12 10 17) (8 14 2 13 18) (6 7 16 14 11 2) (6 13 27 12 4) (5 15 5 10 13 8) (6 16 6 3 8 11) (6 13 23 2 13) (1 7 6 31 16) (2 7 47 2) (4 9 49 4) (7 22 19 8) (10 16 16 10 9)
(1 4 7 15 17 15 4 5) (4 6 11 8 6 9 13 7 4) (4 5 11 26 12 10 9 3) (3 4 9 14 7 15 8 11 3) (2 4 8 8 11 17 7 2 9 2) (1 4 8 7 4 14 20 6 1 11 2) (4 6 7 4 8 2 22 5 1 4 4 2) (4 6 6 4 8 6 25 4 1 4 3 1) (3 5 4 3 6 6 26 4 2 3 2 3 1) (2 5 5 4 6 9 27 4 1 3 2 3 1) (1 5 5 2 7 9 27 5 1 3 3 2) (1 4 4 3 6 7 26 1 4 1 4 4 3) (1 4 4 4 4 2 7 27 2 4 4 4 2) (9 4 3 3 5 28 3 3 4 5 2) (3 4 4 4 3 5 28 2 1 3 4 5 2) (2 4 3 3 3 4 33 3 4 4 3) (2 3 4 3 3 3 30 1 1 3 5 4 3) (2 3 4 2 3 4 32 1 3 4 5 2) (2 3 3 2 3 3 32 1 3 4 5 2) (1 2 4 3 3 3 32 4 4 5 2) (1 3 3 2 3 3 33 5 4 5 2) (1 3 2 2 3 3 35 5 3 4 2) (1 2 3 2 3 2 27 6 6 4 4 3) (1 2 2 2 2 3 28 6 6 4 3 3) (1 2 2 1 3 3 28 3 6 3 3 3) (1 2 2 2 2 3 30 5 3 2 4) (2 1 2 3 4 6 1 1 23 4 3 1 4) (2 1 2 2 3 3 1 5 13 9 2 3 5) (2 1 2 2 4 2 1 1 1 1 2 9 9 2 4 5) (1 2 3 3 15 13 6 3 4 5) (3 2 3 1 1 1 25 9 3 5) (3 2 3 30 4 3 1 2 3 5) (2 3 3 31 4 3 3 3 5) (2 3 3 1 28 6 1 1 3 2 5) (2 3 3 1 29 4 1 4 2 5 1) (2 3 2 1 34 1 1 3 2 5 1) (2 3 2 43 4 2 5 1) (2 2 2 14 31 2 5 1) (2 2 2 9 3 2 15 2 4 1 5 1) (2 3 10 3 2 10 1 4 2 4 1) (3 3 16 2 10 1 5 2 4 1) (3 13 2 5 8 7 1 3 2 4 1) (2 13 1 3 6 9 4 3 4 1) (12 2 1 6 14 3 3 4 1) (15 1 5 21 3 4 1) (9 3 1 6 20 3 4 1) (3 8 7 4 6 20 4 4 1) (5 8 6 19 18 4 4 1) (1 11 4 6 2 14 18 9 1) (1 2 2 1 4 3 6 1 11 17 3 5 1) (1 1 8 14 13 17 3 5) (1 3 1 1 5 1 8 3 16 4 5) (2 1 6 2 1 12 17 4 5) (1 3 1 4 3 13 16 3 5) (1 1 2 5 4 15 16 4 1 4) (2 1 1 3 4 3 19 15 4 1 4) (1 2 2 3 4 1 21 15 4 1 4) (4 1 2 3 7 23 14 4 2 4) (1 1 1 16 23 15 5 3 4) (1 2 1 3 1 28 14 4 3 4) (4 4 4 9 23 13 5 4 4) (1 1 6 8 17 9 5 5 4) (1 2 1 11 18 7 5 6 4) (2 2 1 1 6 3 12 5 5 6 4) (10 3 12 3 6 7 5) (3 11 2 5 7 5) (2 11 6 7 5) (3 9 6 6 6) (2 6 6 7 6) (5 2 4 6 7 6) (3 5 7 2 2 6 7 6) (5 4 7 7 4 2 6 7 5 1) (7 4 3 2 5 2 3 2 6 7 8 5 2) (7 5 3 4 1 2 2 3 2 7 8 5 3) (10 2 2 2 3 2 6 9 5 3) (65 6 10 5 3) (71 11 4 3) (9 2 2 2 2 6 13 4 2) (8 5 6 3 2 2 2 2 23 4 2) (4 3 4 4 4 10 6 23 3 2)

(1) (1) (3 1) (3 1) (1 5) (1 5) (1 5) (2 4) (4 4) (4 4)
(6) (1 3) (2 2) (3 2) (2) (3) (6) (1 6) (7) (6)

(20) (5 10 2) (1 6 4 3 1) (6 6 1) (5 4 2) (2 2 8) (4 5 1) (4 7) (1 1 3) (1 1 1 3) (1 1 1 1 3 1) (3 1 3 3) (1 2 1 3 2 1) (1 3 1 5 1) (1 2 1 2 2 1) (4 1 1 1 2 3) (1 2 2 2 1 3 1) (1 1 1 1 1 2) (1 3 1 1 1 2) (1 1 1 2 2)
(8 2 2) (2 5 2 3) (5 2 2 2 2) (10 6) (6 2 2 1) (1 2 2 1 1) (3 2 4) (3 1 1) (2 3 5) (3 1 1) (3 2) (4 2 1) (6 4 4) (2 11) (16) (11 7) (1 2 3 2 4) (1 3 2 2) (2 2 1 2 3) (8 2 2)

(13 2) (15 2) (17 2) (12 2 2) (11 3 2 2) (12 3 2) (3 5 3 3 2) (2 4 8 2) (2 3 5 10) (2 3 13 2) (2 3 13 5) (3 10 2 5) (17 2 1) (1 18 5) (1 17 4) (20 1 2) (5 5 4 1) (3 1 5 3 1) (2 1 3 1 1) (1 2 1 3 1) (1 1 2 2 1) (1 1 1 10) (1 2 1 10) (1 1 2 3 2) (2 1 1 3 3 2) (1 2 2 5 2) (1 1 1 5 4) (2 1 1 10) (1 2 5 4) (6 10)
(11) (10 2) (5 2 3 4) (5 3 7 5 3) (6 3 8 1) (6 3 5 3 1) (6 4 4 1) (7 5 4 1) (16 3 2) (16 4) (16 3) (16 4) (4 8 3) (3 7 2) (3 3 10) (3 3 9) (3 3 9) (3 3 5) (9 4) (12) (8 9) (2 9) (2 4 9) (2 2 4 2 5) (2 2 2 4 2 6) (5 2 2 4 1 1 1) (4 2 2 4 1 4) (2 4) (5 2 1 9) (5 2 15)

(10) (4 3 2) (8 2 2 1) (3 3 9 4) (9 4 2 9) (10 3 3 3 4 4) (3 8 3 8 2 3 2) (3 8 1 5 3 14 2) (2 2 5 8 13 5) (2 2 1 2 2 7 14 1) (2 3 3 1 6 2 4 4 1) (1 4 2 7 1 2 2 3 2) (1 9 6 5 2 2 2 1) (2 4 7 2 4 1 2 2 1 2) (5 1 6 1 7 1 3 3 2) (3 8 11 4 2) (4 2 4 6 3 1 1) (7 1 10 1 3 2 2) (7 8 2 6 5 2) (8 6 1 3 6 2) (4 9 14 3) (3 1 4 4 18) (3 5 1 14 6 3 3) (3 4 11 3 1 4 1 2 2) (9 9 1 5 3 3 2) (5 6 4 6 4 1 3 2) (3 1 5 1 5 9 3 4) (3 7 16 1) (3 7 8 3 1) (19 3 1 2) (17 3 1 3 2 3) (4 1 3 2 2 1 1 1 5 5) (3 2 1 1 1 1 1 4 6 4) (2 4 4 4 3 6 2 3) (5 3 3 3 10 1 2)
(4 3) (3 2 4) (3 1 6 2 1) (1 14 1 1) (2 18 1 1) (1 12 7) (1 6 4 2 7) (2 2 2 3 4 6) (2 2 1 10 2 2 3) (2 7 6 4 2) (11 2 15) (5 4 4 8) (4 2 8 2 9) (5 10 8 2) (28 2) (3 5 10 7) (2 2 3 2 8 2 2) (2 5 4 4 4) (14 2 9) (7 5 12) (3 4 2 20) (4 3 19 2) (3 1 10 5 5 2) (2 2 8 2 3 2 3 4) (2 2 4 5 4 1) (2 2 13 3) (2 2 18 2 2) (4 1 5 14 2) (1 8 1 4 10) (2 7 2 3 2 3 1) (1 7 1 3 3 1 1) (1 2 3 2 1 8 2 2) (1 2 1 3 1 1 6 5) (1 7 4 5 4) (1 7 2 2 3 4) (1 2 3 1 1 2 4) (1 2 1 3 2 2 3) (1 8 2 1 3 1 1) (2 8 1 2 3 1 1 1) (2 8 2 1 3 3) (2 1 5 2 2 1 3) (2 2 2 4 1 10) (2 1 3 1 1 1 3) (3 1 3 5 3) (2 4 2 2 1 1) (5 2) (3 2)

(32) (15 8 13) (13 7 7 16) (12 11 8 3 9) (22 4 2 4 3 1 5) (6 10 6 2 1 2 8) (9 10 4 1 7 5) (23 3 4 8 6) (22 8 1 5 6) (15 7 12 1 1 5 6) (18 5 15 1 1 5 8) (8 9 2 11 2 1 2 8 7) (11 5 10 1 1 3 7 6) (14 1 11 2 1 1 1 7 4 2) (14 1 1 10 2 1 3 12 2) (13 3 2 9 1 1 1 3 6 3 5) (3 11 2 5 8 2 1 1 2 4 6 2) (4 3 1 3 5 8 1 2 1 1 4 3 3) (9 4 5 12 3 6 3 5) (11 3 9 8 9 3 8) (14 4 8 4 1 2 8 9 4 2) (15 12 4 1 6 1 2 4 7) (7 1 5 11 3 1 1 2 5 1 3 1 7) (8 11 4 3 5 1 6 2 1 4 2 3) (10 10 4 3 1 1 6 2 4 2 4 1) (12 5 9 4 2 2 3 3 1 1 1 4 8) (13 5 7 5 3 4 2 1 1 1 7) (7 13 5 7 1 1 2 2 4) (8 5 5 2 3 7 2 1 3 1 6) (10 8 3 4 2 3 8 2 1 2 1 6) (6 12 10 7 1 1 2 7) (8 11 9 9 1 3 6) (10 10 3 3 9 1 3 2 2) (11 7 7 3 6 3 4 2) (9 12 3 3 4 5 2 3 5) (6 16 5 5 5 2 2 1 5) (4 10 5 2 3 3 1 5 1 6) (11 8 2 3 9 2 8 1 3) (10 6 2 4 3 3 5 2 3 7 1 2) (8 4 10 1 2 2 4 1 2 2 4) (12 12 1 10 2 2 7) (11 5 7 1 3 5 1 2 2 9) (9 4 8 2 2 1 2 2 1 5 6) (8 2 3 9 4 3 2 2 7 4) (7 5 10 3 2 2 3 2 9 2) (11 5 4 3 1 5 1 2 5 1) (12 4 2 3 2 2 5 2 2 6) (11 2 2 6 2 1 7 3 5 6) (10 5 2 4 3 8 10 4) (1 13 1 3 3 1 2 6 3 3 3) (13 2 2 1 3 3 2 2 3 2 3) (11 3 1 1 2 5 2 1 2 3) (10 4 1 1 2 6 1 2 3) (15 3 2 2 8 2 3) (15 4 1 2 12 1 1 4) (1 11 5 2 2 11 2 2 4) (16 4 3 1 11 2 1 1 2) (4 9 4 2 3 11 2 2 2 3) (14 4 1 6 13 2 2 1 4) (13 4 2 3 2 13 3 2 1 4) (1 15 1 2 1 13 2 2 1 5) (13 2 6 1 15 2 2 2 1 3) (8 2 2 3 1 16 4 2 2 3) (5 6 3 2 1 17 2 1 1 3) (6 3 2 4 1 19 1 3) (6 5 2 2 20 3) (1 6 6 22 4) (7 2 2 23 5) (5 2 2 5 8 2 2) (4 3 4 5 4 2)
(2 2 5 5) (25 4) (1 30) (2 35 3) (42) (24 18) (5 13 5 19) (7 12 4 20) (1 13 4 2 3 2 4 16) (15 3 1 2 2 3 16) (15 3 1 1 1 2 16) (11 4 2 1 4 12) (11 3 1 4 9 4) (12 2 1 2 15) (1 7 5 1 1 1 4 10) (1 7 5 1 1 1 1 4 12) (10 3 1 2 2 2 13 2) (10 1 2 2 3 4 10) (10 1 1 2 2 3 1 3 11) (4 6 1 2 3 3 3 2 1 1 12) (5 5 2 3 2 3 3 2 2 10 2) (13 2 3 3 6 3 3 6 2 3 1) (13 1 6 2 6 2 2 2 5 6 3) (9 3 3 2 3 2 3 5 3 2 7 5) (9 3 3 12 5 2 3 6 7) (10 1 16 4 3 4 2 5 8) (10 2 10 4 6 4 3 4 9) (2 8 3 9 4 14 3 3 3) (3 7 14 3 3 9 3 3 1) (11 14 3 2 6 3 2 10) (5 6 10 6 5 14 2 5 5) (6 3 10 4 17 4 2 1 1 1) (6 9 21 3 2 1 2 3) (7 4 7 4 8 2 1 2 3) (1 6 8 11 2 2 6 3 1 3) (2 5 12 7 5 13 3 1 1 1) (4 3 14 2 2 17 2 4 2 2) (5 16 5 5 3 1 6 4) (5 17 5 2 5 2 10 6) (6 11 3 6 6 3 19) (3 3 13 1 1 8 2 2 19) (4 7 3 3 4 8 2 17) (5 7 3 1 1 5 2 1 3 2 16) (1 3 6 1 1 1 2 1 6 2 2 3 2 15) (4 4 5 2 6 4 3 2 15) (5 3 1 1 2 1 8 6 3 14) (6 3 1 2 2 2 10 6 5 13) (6 5 1 1 3 11 4 6 12) (5 6 1 1 8 7 1 3 4 11) (3 2 1 1 2 6 6 3 4 10) (5 2 2 1 8 1 10 2 2 10) (5 1 1 18 1 4 3 2 9) (5 2 2 3 9 2 2 7) (2 3 2 1 2 2 2 2 2 2 8) (3 2 1 1 1 2 2 2 1 2 1 1 2 7) (4 2 2 1 2 2 2 5 2 1 2 6) (3 3 2 3 17 3 2 3 5) (3 16 5 4 2 3 5) (4 12 1 6 3 2 3 3 4) (4 12 1 1 3 2 10 2 3) (4 8 2 1 2 3 2 5 3 2) (5 6 1 1 2 4 4 1 1 3 1) (1 4 4 2 1 1 3 5 2 3) (5 3 2 3 2 4 3 2) (7 2 1 2 1 3 3 3 2) (1 10 2 1 1 1 3 3 4 2 1) (8 3 2 1 1 2 9 2 1) (7 5 2 6 1 3 6 3 2 2) (5 13 1 3 3 3 4 3 3) (3 2 13 1 4 4 5 3 2) (7 5 8 4 5 25) (1 3 2 2 7 4 5 25) (5 3 2 4 4 4 5 11) (8 2 5 5 5 3) (10 5 5 6 1)

(1 2) (1) (1) (3) (2) (2)
(3) (1) (2) (2) (1 1) (1 1)

(32) (13 11 6) (5 26) (32) (32) (19 12) (26 5) (32) (2 29) (2 29) (3 17 8) (3 1 9 7) (4 5 1 1 7) (4 4 1 1 1 1 6) (3 1 1 1 1 4) (3 1 1 1 1 3) (3 1 1 1 3 1 3) (4 1 1 1 1 3 4) (1 1 1 1 5 1) (1 1 1 1 3 1) (1 3 4 1 1) (1 1 4 9) (1 7 4 1 1) (1 6)
(18 1) (18) (8 8 1 1) (10 2 1) (11 2 1) (2 9 1 1) (11 1) (11 1 1) (11 1 1) (11 1 1 1) (11 1 2 1) (12 1 1 1 1) (12 3 1) (1 10 1) (13 1) (13 3 1) (13 2 1 1) (15 1 1) (13 1 1) (5 6 8 1) (11 1 1) (10 2 1 1) (10 2 1 1) (10 2 1 2 1 1) (11 8) (1 11 4 1 1) (6 8 2 2) (14 2 1) (15 5) (18) (18) (18)
